averages:
  avg_computation_time: 8.785695123672486
  avg_iteration_time: 0.010118271477222718
  avg_path_length: 10.435199203638996
  avg_smoothness: 8.92798668999247
  num_trials: 10
