averages:
  avg_computation_time: 129.19817478656768
  avg_iteration_time: 0.1291981747865677
  avg_path_length: 7.433952642158384
  avg_smoothness: 5.676293570010875
  num_trials: 10
