averages:
  avg_computation_time: 26.814643383026123
  avg_iteration_time: 0.018492857505535257
  avg_path_length: 20.471250747449503
  avg_smoothness: 15.611494647737905
  num_trials: 1
