averages:
  avg_computation_time: 12.876944661140442
  avg_iteration_time: 0.02041367257631649
  avg_path_length: 10.44110861275116
  avg_smoothness: 8.306647879742593
  num_trials: 10
